1M:
2219,
2388,
2506,
2566,
1217,
1494,
1761,
2007,
222,
435,
677,
941,
-274,
-204,
-99,
43,
-275,
-306,
-319,
-310,
-95,
-140,
-188,
-234,
18,
1,
-24,
-56,
28,
32,
32,
28,
10,
12,
18,
23,

2M:
2842,
3367,
3749,
3949,
360,
929,
1567,
2223,
-694,
-629,
-434,
-102,
-180,
-362,
-530,
-651,
255,
213,
123,
-12,
96,
162,
218,
253,
-79,
-58,
-20,
33,
-51,
-67,
-80,
-86,
-2,
-12,
-21,
-35,

3M:
2838,
3974,
4856,
5338,
-856,
-330,
525,
1629,
-244,
-627,
-930,
-1039,
448,
475,
365,
113,
-162,
-33,
141,
319,
-81,
-163,
-219,
-224,
108,
102,
66,
2,
11,
35,
64,
92,
-9,
-10,
-11,
-4,

4M:
2201,
4124,
5760,
6700,
-1252,
-1346,
-796,
443,
695,
457,
-71,
-729,
-292,
-21,
332,
622,
39,
-159,
-334,
-399,
75,
177,
225,
180,
-90,
-119,
-102,
-31,
67,
55,
18,
-36,
6,
23,
39,
59,

5M:
1072,
3797,
6422,
8028,
-446,
-1369,
-1689,
-905,
249,
755,
894,
458,
-153,
-463,
-543,
-278,
98,
291,
340,
174,
-65,
-181,
-209,
-105,
39,
107,
122,
58,
-60,
-85,
-81,
-36,
9,
8,
-1,
-26,

6M:
-300,
3033,
6817,
9323,
789,
-386,
-1678,
-1926,
-695,
-248,
558,
1098,
451,
390,
-40,
-547,
-214,
-321,
-168,
176,
54,
190,
193,
23,
19,
-80,
-137,
-89,
-42,
16,
73,
81,
-8,
-33,
-57,
-68,
-57,

7M:
-1601,
1921,
6927,
10571,
1265,
881,
-765,
-2240,
-252,
-825,
-592,
418,
-311,
158,
567,
425,
278,
226,
-101,
-397,
-44,
-192,
-161,
66,
-72,
30,
131,
110,
87,
62,
-15,
-85,
-9,
-6,
17,
59,

8M:
-2547,
587,
6749,
11772,
531,
1502,
560,
-1739,
694,
19,
-881,
-763,
-127,
-515,
-264,
434,
-283,
-51,
315,
326,
33,
198,
126,
-146,
104,
26,
-113,
-132,
-10,
-69,
-47,
49,
10,
45,
72,
57,

9M:
-2923,
-815,
6289,
12918,
-713,
1016,
1583,
-602,
255,
831,
115,
-1028,
444,
249,
-428,
-543,
220,
-144,
-356,
-10,
-21,
-199,
-84,
209,
-95,
-77,
80,
145,
-74,
14,
76,
16,
12,
7,
-35,
-86,

10M:
-2646,
-2122,
5568,
14002,
-1274,
-216,
1757,
753,
-692,
212,
944,
-61,
-332,
318,
492,
-289,
-108,
288,
206,
-314,
11,
202,
37,
-248,
53,
111,
-39,
-155,
55,
45,
-56,
-73,
-12,
-57,
-81,
-29,

11M:
-1774,
-3188,
4611,
15024,
-613,
-1291,
986,
1837,
-257,
-775,
396,
982,
-100,
-501,
164,
621,
-27,
-324,
56,
404,
2,
-203,
8,
258,
11,
-120,
-8,
157,
31,
-61,
-6,
93,
-18,
-12,
51,
99,

12M:
-512,
-3882,
3468,
15972,
632,
-1415,
-310,
2247,
691,
-427,
-726,
846,
438,
77,
-581,
124,
160,
239,
-291,
-192,
-11,
201,
-58,
-235,
-67,
104,
51,
-153,
-64,
29,
67,
-61,
14,
70,
83,
-8,

13M:
875,
-4133,
2170,
16853,
1277,
-494,
-1447,
1837,
259,
660,
-792,
-310,
-355,
438,
150,
-656,
-254,
-71,
367,
-158,
25,
-204,
99,
190,
97,
-67,
-98,
141,
13,
24,
-89,
-13,
33,
40,
-50,
-92,

14M:
2054,
-3907,
795,
17646,
696,
783,
-1801,
761,
-689,
608,
295,
-1088,
-76,
-424,
504,
50,
290,
-132,
-240,
395,
-34,
196,
-143,
-114,
-99,
11,
119,
-128,
30,
-71,
30,
63,
-15,
-82,
-78,
42,

15M:
2784,
-3228,
-627,
18366,
-556,
1493,
-1190,
-602,
-263,
-493,
957,
-564,
430,
-99,
-419,
641,
-265,
281,
-10,
-341,
50,
-197,
177,
34,
61,
49,
-139,
106,
-63,
33,
41,
-94,
-55,
-89,
21,
36,

16M:
2886,
-2182,
-2012,
18994,
-1270,
1099,
58,
-1737,
690,
-742,
221,
637,
-369,
507,
-282,
-223,
173,
-326,
260,
28,
-58,
189,
-203,
58,
-1,
-92,
137,
-81,
21,
36,
-79,
71,
8,
89,
70,
-61,

17M:
2347,
-887,
-3314,
19535,
-774,
-97,
1274,
-2241,
272,
281,
-834,
1076,
-50,
-298,
566,
-583,
-42,
251,
-368,
304,
67,
-183,
223,
-142,
-59,
119,
-123,
55,
45,
-71,
63,
-14,
64,
96,
-42,
-3,

18M:
1269,
530,
-4494,
19992,
479,
-1236,
1812,
-1923,
-696,
822,
-670,
213,
418,
-263,
-31,
390,
-87,
-93,
284,
-414,
-87,
184,
-233,
204,
103,
-121,
90,
-16,
-70,
28,
1,
-62,
53,
-40,
-84,
31,

19M:
-74,
1860,
-5465,
20347,
1258,
-1450,
1371,
-910,
-271,
-58,
469,
-897,
-385,
514,
-555,
479,
211,
-115,
-33,
212,
90,
-169,
228,
-247,
-103,
92,
-53,
-10,
2,
30,
-63,
91,
-64,
-97,
56,
-29,

20M:
-1401,
2981,
-6213,
20609,
850,
-615,
205,
431,
688,
-839,
934,
-947,
-26,
-131,
313,
-505,
-286,
278,
-234,
150,
-98,
160,
-218,
263,
74,
-50,
12,
38,
56,
-72,
82,
-84,
-112,
-15,
25,
-40,

21M:
2054,
-3907,
795,
17646,
696,
783,
-1801,
761,
-689,
608,
295,
-1088,
-76,
-424,
504,
50,
290,
-132,
-240,
395,
-34,
196,
-143,
-114,
-99,
11,
119,
-128,
30,
-71,
30,
63,
-15,
-82,
-78,
42,

22M:
2603,
-3503,
-149,
18133,
-133,
1366,
-1493,
-144,
-575,
-119,
882,
-880,
436,
-392,
-102,
613,
-65,
311,
-271,
-84,
-130,
-47,
219,
-188,
100,
-88,
-31,
150,
-13,
68,
-60,
-19,
14,
85,
75,
-51,

23M:
2890,
-2918,
-1090,
18583,
-904,
1485,
-818,
-1025,
114,
-746,
851,
-170,
216,
230,
-573,
465,
-264,
62,
252,
-407,
173,
-153,
-22,
224,
-62,
121,
-77,
-57,
-4,
-55,
77,
-30,
-12,
-88,
-72,
57,

24M:
2886,
-2182,
-2012,
18994,
-1270,
1099,
58,
-1737,
690,
-742,
221,
637,
-369,
507,
-282,
-223,
173,
-326,
260,
28,
-58,
189,
-203,
58,
-1,
-92,
137,
-81,
21,
36,
-79,
71,
8,
89,
70,
-61,

25M:
2591,
-1333,
-2897,
19367,
-1066,
339,
921,
-2162,
576,
-108,
-565,
1082,
-333,
20,
386,
-653,
194,
13,
-266,
413,
-112,
-21,
177,
-259,
63,
17,
-111,
157,
-36,
-12,
65,
-92,
-1,
-87,
-71,
61,

26M:
2034,
-413,
-3730,
19699,
-381,
-540,
1559,
-2228,
-118,
620,
-955,
909,
267,
-499,
541,
-322,
-255,
325,
-248,
25,
181,
-171,
69,
96,
-102,
67,
16,
-114,
48,
-13,
-39,
87,
-15,
79,
77,
-55,

27M:
1269,
530,
-4494,
19992,
479,
-1236,
1812,
-1923,
-696,
822,
-670,
213,
418,
-263,
-31,
390,
-87,
-93,
284,
-414,
-87,
184,
-233,
204,
103,
-121,
90,
-16,
-70,
28,
1,
-62,
53,
-40,
-84,
31,

28M:
381,
1439,
-5169,
20240,
1119,
-1507,
1619,
-1302,
-577,
326,
86,
-602,
-137,
372,
-563,
648,
296,
-308,
236,
-80,
-91,
3,
109,
-220,
-64,
114,
-144,
139,
63,
-57,
32,
11,
-93,
-23,
37,
-53,

29M:
-534,
2265,
-5742,
20445,
1262,
-1274,
1039,
-476,
108,
-436,
776,
-1073,
-464,
455,
-357,
166,
-23,
154,
-288,
401,
185,
-190,
158,
-86,
-7,
-43,
99,
-151,
-63,
71,
-66,
45,
103,
19,
-31,
48,

30M:
-1401,
2981,
-6213,
20609,
850,
-615,
205,
431,
688,
-839,
934,
-947,
-26,
-131,
313,
-505,
-286,
278,
-234,
150,
-98,
160,
-218,
263,
74,
-50,
12,
38,
56,
-72,
82,
-84,
-112,
-15,
25,
-40,

31M:
2918,
-2743,
-1329,
18692,
-1048,
1433,
-605,
-1229,
304,
-818,
736,
47,
57,
373,
-577,
314,
-185,
-79,
340,
-358,
173,
-66,
-131,
261,
-103,
98,
2,
-130,
29,
-76,
44,
30,
30,
-18,
-110,
-10,

32M:
2886,
-2182,
-2012,
18994,
-1270,
1099,
58,
-1737,
690,
-742,
221,
637,
-369,
507,
-282,
-223,
173,
-326,
260,
28,
-58,
189,
-203,
58,
-1,
-92,
137,
-81,
21,
36,
-79,
71,
8,
89,
70,
-61,

33M:
2693,
-1559,
-2675,
19275,
-1171,
556,
713,
-2085,
678,
-307,
-381,
1021,
-424,
191,
231,
-609,
269,
-125,
-142,
381,
-168,
84,
83,
-237,
101,
-56,
-43,
142,
-63,
38,
19,
-80,
-40,
-108,
-5,
52,

34M:
2347,
-887,
-3314,
19535,
-774,
-97,
1274,
-2241,
272,
281,
-834,
1076,
-50,
-298,
566,
-583,
-42,
251,
-368,
304,
67,
-183,
223,
-142,
-59,
119,
-123,
55,
45,
-71,
63,
-14,
64,
96,
-42,
-3,

35M:
1863,
-182,
-3924,
19775,
-171,
-739,
1661,
-2187,
-301,
736,
-949,
775,
381,
-521,
452,
-151,
-294,
278,
-125,
-127,
166,
-95,
-42,
195,
-65,
-2,
90,
-157,
11,
34,
-75,
91,
-80,
-64,
56,
-42,

36M:
1269,
530,
-4494,
19992,
479,
-1236,
1812,
-1923,
-696,
822,
-670,
213,
418,
-263,
-31,
390,
-87,
-93,
284,
-414,
-87,
184,
-233,
204,
103,
-121,
90,
-16,
-70,
28,
1,
-62,
53,
-40,
-84,
31,

37M:
614,
1213,
-5006,
20181,
994,
-1484,
1708,
-1484,
-677,
502,
-123,
-409,
28,
228,
-480,
654,
250,
-329,
327,
-225,
-158,
105,
-4,
-125,
2,
59,
-120,
160,
54,
-71,
72,
-49,
18,
110,
-2,
-30,

38M:
-74,
1860,
-5465,
20347,
1258,
-1450,
1371,
-910,
-271,
-58,
469,
-897,
-385,
514,
-555,
479,
211,
-115,
-33,
212,
90,
-169,
228,
-247,
-103,
92,
-53,
-10,
2,
30,
-63,
91,
-64,
-97,
56,
-29,

39M:
-756,
2454,
-5868,
20489,
1206,
-1143,
848,
-253,
289,
-589,
875,
-1098,
-415,
347,
-202,
-16,
-142,
255,
-352,
412,
156,
-124,
60,
32,
54,
-98,
136,
-158,
-55,
44,
-21,
-12,
95,
60,
-57,
58,

40M:
-1401,
2981,
-6213,
20609,
850,
-615,
205,
431,
688,
-839,
934,
-947,
-26,
-131,
313,
-505,
-286,
278,
-234,
150,
-98,
160,
-218,
263,
74,
-50,
12,
38,
56,
-72,
82,
-84,
-112,
-15,
25,
-40,

41M:
1706,
-4033,
1255,
17395,
1011,
384,
-1792,
1169,
-470,
807,
-104,
-958,
-348,
-160,
584,
-303,
199,
-308,
27,
374,
143,
73,
-226,
119,
-57,
128,
-2,
-135,
-31,
-2,
96,
-32,
-44,
-65,
32,
72,

42M:
2054,
-3907,
795,
17646,
696,
783,
-1801,
761,
-689,
608,
295,
-1088,
-76,
-424,
504,
50,
290,
-132,
-240,
395,
-34,
196,
-143,
-114,
-99,
11,
119,
-128,
30,
-71,
30,
63,
-15,
-82,
-78,
42,

43M:
2364,
-3726,
316,
17899,
292,
1129,
-1699,
308,
-732,
269,
655,
-1063,
244,
-520,
241,
401,
176,
142,
-370,
210,
-175,
143,
74,
-258,
5,
-112,
110,
31,
59,
-7,
-69,
82,
53,
87,
-13,
-44,

44M:
2603,
-3503,
-149,
18133,
-133,
1366,
-1493,
-144,
-575,
-119,
882,
-880,
436,
-392,
-102,
613,
-65,
311,
-271,
-84,
-130,
-47,
219,
-188,
100,
-88,
-31,
150,
-13,
68,
-60,
-19,
14,
85,
75,
-51,

45M:
2784,
-3228,
-627,
18366,
-556,
1493,
-1190,
-602,
-263,
-493,
957,
-564,
430,
-99,
-419,
641,
-265,
281,
-10,
-341,
50,
-197,
177,
34,
61,
49,
-139,
106,
-63,
33,
41,
-94,
-55,
-89,
21,
36,

46M:
2890,
-2918,
-1090,
18583,
-904,
1485,
-818,
-1025,
114,
-746,
851,
-170,
216,
230,
-573,
465,
-264,
62,
252,
-407,
173,
-153,
-22,
224,
-62,
121,
-77,
-57,
-4,
-55,
77,
-30,
-12,
-88,
-72,
57,

47M:
2926,
-2566,
-1557,
18794,
-1155,
1351,
-391,
-1412,
466,
-840,
591,
254,
-102,
469,
-525,
143,
-72,
-201,
369,
-260,
122,
35,
-204,
239,
-102,
41,
77,
-159,
62,
-54,
-4,
77,
57,
92,
-28,
-26,

48M:
2886,
-2182,
-2012,
18994,
-1270,
1099,
58,
-1737,
690,
-742,
221,
637,
-369,
507,
-282,
-223,
173,
-326,
260,
28,
-58,
189,
-203,
58,
-1,
-92,
137,
-81,
21,
36,
-79,
71,
8,
89,
70,
-61,

49M:
2775,
-1771,
-2458,
19185,
-1240,
754,
503,
-1991,
732,
-481,
-187,
928,
-463,
336,
62,
-520,
292,
-238,
-2,
301,
-178,
164,
-26,
-169,
101,
-108,
35,
86,
-56,
67,
-33,
-37,
-60,
-94,
35,
15,

50M:
2591,
-1333,
-2897,
19367,
-1066,
339,
921,
-2162,
576,
-108,
-565,
1082,
-333,
20,
386,
-653,
194,
13,
-266,
413,
-112,
-21,
177,
-259,
63,
17,
-111,
157,
-36,
-12,
65,
-92,
-1,
-87,
-71,
61,

51M:
2347,
-887,
-3314,
19535,
-774,
-97,
1274,
-2241,
272,
281,
-834,
1076,
-50,
-298,
566,
-583,
-42,
251,
-368,
304,
67,
-183,
223,
-142,
-59,
119,
-123,
55,
45,
-71,
63,
-14,
64,
96,
-42,
-3,

52M:
2034,
-413,
-3730,
19699,
-381,
-540,
1559,
-2228,
-118,
620,
-955,
909,
267,
-499,
541,
-322,
-255,
325,
-248,
25,
181,
-171,
69,
96,
-102,
67,
16,
-114,
48,
-13,
-39,
87,
-15,
79,
77,
-55,

53M:
1685,
43,
-4109,
19846,
37,
-916,
1735,
-2125,
-458,
807,
-899,
617,
445,
-486,
323,
26,
-275,
184,
13,
-255,
106,
1,
-138,
248,
-7,
-67,
131,
-152,
-30,
65,
-79,
61,
-68,
-97,
48,
-10,

54M:
1269,
530,
-4494,
19992,
479,
-1236,
1812,
-1923,
-696,
822,
-670,
213,
418,
-263,
-31,
390,
-87,
-93,
284,
-414,
-87,
184,
-233,
204,
103,
-121,
90,
-16,
-70,
28,
1,
-62,
53,
-40,
-84,
31,

55M:
851,
974,
-4830,
20116,
833,
-1426,
1772,
-1656,
-732,
653,
-335,
-194,
194,
54,
-348,
605,
151,
-290,
367,
-340,
-179,
180,
-118,
-1,
68,
-18,
-55,
129,
14,
-50,
78,
-88,
69,
98,
-54,
21,

56M:
381,
1439,
-5169,
20240,
1119,
-1507,
1619,
-1302,
-577,
326,
86,
-602,
-137,
372,
-563,
648,
296,
-308,
236,
-80,
-91,
3,
109,
-220,
-64,
114,
-144,
139,
63,
-57,
32,
11,
-93,
-23,
37,
-53,

57M:
-74,
1860,
-5465,
20347,
1258,
-1450,
1371,
-910,
-271,
-58,
469,
-897,
-385,
514,
-555,
479,
211,
-115,
-33,
212,
90,
-169,
228,
-247,
-103,
92,
-53,
-10,
2,
30,
-63,
91,
-64,
-97,
56,
-29,

58M:
-534,
2265,
-5742,
20445,
1262,
-1274,
1039,
-476,
108,
-436,
776,
-1073,
-464,
455,
-357,
166,
-23,
154,
-288,
401,
185,
-190,
158,
-86,
-7,
-43,
99,
-151,
-63,
71,
-66,
45,
103,
19,
-31,
48,

59M:
-1005,
2660,
-6004,
20537,
1107,
-967,
617,
4,
476,
-728,
944,
-1085,
-304,
184,
-4,
-222,
-251,
325,
-367,
364,
75,
-12,
-69,
161,
104,
-124,
129,
-114,
-11,
-12,
42,
-74,
31,
100,
-48,
28,

60M:
-1401,
2981,
-6213,
20609,
850,
-615,
205,
431,
688,
-839,
934,
-947,
-26,
-131,
313,
-505,
-286,
278,
-234,
150,
-98,
160,
-218,
263,
74,
-50,
12,
38,
56,
-72,
82,
-84,
-112,
-15,
25,
-40,

61M:
2869,
-3001,
-972,
18528,
-823,
1499,
-919,
-919,
16,
-695,
893,
-276,
285,
149,
-552,
526,
-284,
128,
193,
-410,
155,
-182,
35,
187,
-32,
116,
-107,
-13,
-28,
-36,
80,
-57,
-26,
-99,
-46,
64,

62M:
2918,
-2743,
-1329,
18692,
-1048,
1433,
-605,
-1229,
304,
-818,
736,
47,
57,
373,
-577,
314,
-185,
-79,
340,
-358,
173,
-66,
-131,
261,
-103,
98,
2,
-130,
29,
-76,
44,
30,
30,
-18,
-110,
-10,

63M:
2923,
-2476,
-1668,
18844,
-1195,
1300,
-283,
-1497,
534,
-832,
508,
352,
-177,
497,
-481,
54,
-10,
-248,
362,
-197,
84,
83,
-223,
208,
-87,
6,
105,
-156,
63,
-36,
-29,
89,
49,
101,
-10,
-43,

64M:
2886,
-2182,
-2012,
18994,
-1270,
1099,
58,
-1737,
690,
-742,
221,
637,
-369,
507,
-282,
-223,
173,
-326,
260,
28,
-58,
189,
-203,
58,
-1,
-92,
137,
-81,
21,
36,
-79,
71,
8,
89,
70,
-61,

65M:
2809,
-1872,
-2352,
19140,
-1262,
844,
399,
-1938,
742,
-557,
-90,
870,
-462,
395,
-23,
-463,
285,
-279,
67,
248,
-166,
190,
-78,
-122,
88,
-121,
70,
49,
-42,
71,
-54,
-11,
-67,
-80,
46,
-5,

66M:
2693,
-1559,
-2675,
19275,
-1171,
556,
713,
-2085,
678,
-307,
-381,
1021,
-424,
191,
231,
-609,
269,
-125,
-142,
381,
-168,
84,
83,
-237,
101,
-56,
-43,
142,
-63,
38,
19,
-80,
-40,
-108,
-5,
52,

67M:
2534,
-1217,
-3008,
19412,
-1000,
225,
1021,
-2192,
509,
-4,
-649,
1097,
-270,
-69,
452,
-656,
140,
85,
-314,
406,
-69,
-75,
210,
-248,
32,
55,
-133,
146,
-21,
-39,
77,
-83,
33,
-42,
-105,
29,

-68M:
2347,
-887,
-3314,
19535,
-774,
-97,
1274,
-2241,
272,
281,
-834,
1076,
-50,
-298,
566,
-583,
-42,
251,
-368,
304,
67,
-183,
223,
-142,
-59,
119,
-123,
55,
45,
-71,
63,
-14,
64,
96,
-42,
-3,

69M:
2119,
-534,
-3625,
19659,
-487,
-430,
1495,
-2240,
-17,
543,
-940,
965,
192,
-465,
567,
-402,
-214,
327,
-298,
105,
167,
-193,
122,
34,
-106,
95,
-27,
-76,
61,
-37,
-12,
69,
17,
104,
33,
-60,

70M:
1863,
-182,
-3924,
19775,
-171,
-739,
1661,
-2187,
-301,
736,
-949,
775,
381,
-521,
452,
-151,
-294,
278,
-125,
-127,
166,
-95,
-42,
195,
-65,
-2,
90,
-157,
11,
34,
-75,
91,
-80,
-64,
56,
-42,

71M:
1587,
162,
-4205,
19882,
147,
-1002,
1764,
-2083,
-530,
828,
-857,
525,
459,
-449,
244,
120,
-245,
122,
86,
-311,
63,
53,
-178,
258,
27,
-94,
138,
-132,
-49,
71,
-69,
34,
-54,
-108,
33,
13,

72M:
1269,
530,
-4494,
19992,
479,
-1236,
1812,
-1923,
-696,
822,
-670,
213,
418,
-263,
-31,
390,
-87,
-93,
284,
-414,
-87,
184,
-233,
204,
103,
-121,
90,
-16,
-70,
28,
1,
-62,
53,
-40,
-84,
31,

73M:
963,
859,
-4744,
20085,
748,
-1386,
1792,
-1733,
-741,
712,
-430,
-87,
266,
-33,
-272,
564,
93,
-252,
365,
-379,
-171,
199,
-164,
60,
91,
-53,
-16,
100,
-9,
-29,
68,
-93,
81,
82,
-60,
39,

74M:
614,
1213,
-5006,
20181,
994,
-1484,
1708,
-1484,
-677,
502,
-123,
-409,
28,
228,
-480,
654,
250,
-329,
327,
-225,
-158,
105,
-4,
-125,
2,
59,
-120,
160,
54,
-71,
72,
-49,
18,
110,
-2,
-30,

75M:
277,
1538,
-5239,
20266,
1162,
-1505,
1570,
-1216,
-517,
241,
178,
-679,
-204,
420,
-579,
625,
294,
-277,
181,
-11,
-51,
-43,
150,
-243,
-85,
123,
-136,
113,
57,
-42,
9,
36,
-95,
-42,
49,
-57,

76M:
-74,
1860,
-5465,
20347,
1258,
-1450,
1371,
-910,
-271,
-58,
469,
-897,
-385,
514,
-555,
479,
211,
-115,
-33,
212,
90,
-169,
228,
-247,
-103,
92,
-53,
-10,
2,
30,
-63,
91,
-64,
-97,
56,
-29,

77M:
-434,
2179,
-5684,
20425,
1275,
-1324,
1118,
-573,
24,
-360,
721,
-1049,
-469,
489,
-416,
243,
33,
100,
-246,
379,
183,
-206,
192,
-134,
-35,
-13,
73,
-134,
-57,
73,
-78,
66,
97,
2,
-16,
36,

78M:
-756,
2454,
-5868,
20489,
1206,
-1143,
848,
-253,
289,
-589,
875,
-1098,
-415,
347,
-202,
-16,
-142,
255,
-352,
412,
156,
-124,
60,
32,
54,
-98,
136,
-158,
-55,
44,
-21,
-12,
95,
60,
-57,
58,

79M:
-1124,
2758,
-6068,
20559,
1045,
-872,
500,
130,
557,
-782,
962,
-1062,
-233,
93,
96,
-319,
-287,
337,
-351,
319,
22,
49,
-130,
214,
116,
-117,
108,
-74,
26,
-32,
74,
-91,
-62,
69,
9,
26,

80M:
-1401,
2981,
-6213,
20609,
850,
-615,
205,
431,
688,
-839,
934,
-947,
-26,
-131,
313,
-505,
-286,
278,
-234,
150,
-98,
160,
-218,
263,
74,
-50,
12,
38,
56,
-72,
82,
-84,
-112,
-15,
25,
-40,
